# Official Maharashtra WRD ground-survey cross-section (chainage, RL in m MSL).
# Format: [Northing, Easting, RL]
    [1850496.548, 418236.5185, 541.344],
    [1850496.505, 418236.9015, 541.162],
    [1850496.294, 418238.7535, 541.211],
    [1850495.905, 418242.1685, 541.248],
    [1850495.661, 418244.3065, 541.258],
    [1850495.402, 418246.5855, 541.259],
    [1850495.134, 418248.9385, 541.235],
    [1850494.878, 418251.1835, 541.17],
    [1850494.618, 418253.4665, 541.162],
    [1850494.356, 418255.7695, 541.126],
    [1850494.021, 418258.7045, 541.136],
    [1850493.758, 418261.0175, 541.057],
    [1850493.476, 418263.4875, 541.062],
    [1850493.311, 418264.9395, 541.193],
    [1850493.034, 418267.3705, 541.055],
    [1850492.88, 418268.7245, 540.96],
    [1850492.746, 418269.8955, 540.902],
    [1850492.583, 418271.3345, 540.958],
    [1850492.345, 418273.4235, 540.983],
    [1850491.735, 418278.7725, 540.715],
    [1850491.248, 418283.0465, 540.817],
    [1850490.523, 418289.4175, 540.988],
    [1850489.704, 418296.6065, 540.917],
    [1850487.509, 418315.8755, 540.364],
    [1850484.086, 418345.9235, 538.955],
    [1850483.915, 418347.4235, 538.237],
    [1850483.654, 418349.7155, 537.33],
    [1850483.371, 418352.1985, 536.766],
    [1850483.055, 418354.9775, 536.264],
    [1850482.729, 418357.8345, 536.083],
    [1850482.424, 418360.5185, 536.023],
    [1850481.936, 418364.7965, 536.393],
    [1850481.721, 418366.6905, 536.47],
    [1850481.471, 418368.8805, 536.628],
    [1850481.066, 418372.4355, 536.233],
    [1850480.858, 418374.2655, 536.468],
    [1850480.712, 418375.5455, 536.573],
    [1850480.42, 418378.1055, 536.991],
    [1850479.949, 418382.2415, 536.638],
    [1850479.747, 418384.0175, 536.468],
    [1850479.57, 418385.5725, 536.894],
    [1850479.212, 418388.7165, 536.739],
    [1850478.899, 418391.4585, 536.529],
    [1850478.628, 418393.8385, 536.357],
    [1850478.411, 418395.7455, 536.362],
    [1850478.05, 418398.9155, 536.338],
    [1850477.843, 418400.7355, 536.554],
    [1850477.549, 418403.3165, 536.376],
    [1850477.264, 418405.8115, 536.417],
    [1850477.024, 418407.9245, 536.542],
    [1850476.817, 418409.7365, 536.712],
    [1850476.583, 418411.7905, 536.542],
    [1850476.378, 418413.5915, 536.592],
    [1850476.105, 418415.9915, 536.43],
    [1850476.07, 418416.2985, 535.693],
    [1850475.985, 418417.0465, 534.72],
    [1850475.852, 418418.2095, 533.996],
    [1850475.801, 418418.6605, 533.783],
    [1850475.761, 418419.0085, 533.333],
    [1850475.606, 418420.3735, 532.946],
    [1850475.455, 418421.6935, 532.634],
    [1850475.328, 418422.8105, 532.371],
    [1850475.23, 418423.6685, 532.168],
    [1850475.185, 418424.0675, 532.096],
    [1850475.085, 418424.9475, 531.709],
    [1850474.935, 418426.2565, 531.469],
    [1850474.754, 418427.8475, 531.351],
    [1850474.557, 418429.5835, 531.328],
    [1850474.362, 418431.2925, 531.27],
    [1850474.15, 418433.1515, 531.237],
    [1850473.912, 418435.2405, 531.303],
    [1850473.664, 418437.4235, 531.306],
    [1850473.417, 418439.5845, 531.293],
    [1850473.175, 418441.7095, 531.316],
    [1850472.945, 418443.7265, 531.339],
    [1850472.723, 418445.6765, 531.394],
    [1850472.497, 418447.6645, 531.402],
    [1850472.259, 418449.7495, 531.386],
    [1850472.021, 418451.8455, 531.413],
    [1850471.782, 418453.9375, 531.433],
    [1850471.557, 418455.9135, 531.445],
    [1850471.35, 418457.7295, 531.353],
    [1850471.134, 418459.6255, 531.318],
    [1850470.906, 418461.6295, 531.298],
    [1850470.671, 418463.6915, 531.234],
    [1850470.431, 418465.8015, 531.16],
    [1850470.185, 418467.9605, 531.062],
    [1850469.936, 418470.1475, 530.895],
    [1850469.683, 418472.3635, 530.775],
    [1850469.435, 418474.5405, 530.613],
    [1850469.188, 418476.7155, 530.43],
    [1850468.941, 418478.8845, 530.205],
    [1850468.693, 418481.0575, 529.861],
    [1850468.446, 418483.2235, 529.65],
    [1850468.199, 418485.3975, 529.428],
    [1850467.949, 418487.5865, 529.318],
    [1850467.697, 418489.8035, 529.592],
    [1850467.446, 418492.0025, 529.824],
    [1850467.199, 418494.1725, 530.187],
    [1850466.952, 418496.3415, 530.172],
    [1850466.704, 418498.5195, 530.294],
    [1850466.455, 418500.7045, 530.271],
    [1850466.205, 418502.8965, 530.348],
    [1850465.957, 418505.0755, 530.354],
    [1850465.716, 418507.1915, 530.544],
    [1850465.482, 418509.2495, 530.773],
    [1850465.25, 418511.2805, 530.921],
    [1850465.025, 418513.2625, 531.109],
    [1850464.805, 418515.1915, 531.35],
    [1850464.602, 418516.9715, 531.455],
    [1850464.422, 418518.5505, 531.582],
    [1850464.264, 418519.9385, 531.763],
    [1850464.124, 418521.1685, 531.974],
    [1850464.001, 418522.2485, 532.185],
    [1850463.891, 418523.2105, 532.384],
    [1850463.798, 418524.0335, 532.393],
    [1850463.716, 418524.7475, 532.388],
    [1850463.645, 418525.3705, 532.326],
    [1850463.584, 418525.9125, 532.344],
    [1850463.528, 418526.4015, 532.325],
    [1850463.478, 418526.8385, 532.322],
    [1850463.434, 418527.2275, 532.322],
    [1850463.413, 418527.4135, 532.302],
    [1850463.325, 418528.1815, 532.418],
    [1850463.325, 418528.1815, 532.354],
    [1850463.304, 418528.3655, 532.426],
    [1850463.276, 418528.6175, 532.468],
    [1850463.255, 418528.7995, 532.481],
    [1850463.245, 418528.8895, 532.512],
    [1850463.188, 418529.3885, 532.724],
    [1850463.046, 418530.6335, 533.27],
    [1850462.419, 418536.1385, 533.532],
    [1850462.366, 418536.6055, 533.914],
    [1850462.359, 418536.6675, 533.82],
    [1850462.327, 418536.9405, 534.154],
    [1850462.093, 418539.0035, 534.15],
    [1850461.908, 418540.6245, 534.098],
    [1850461.535, 418543.8945, 534.309],
    [1850461.179, 418547.0205, 534.37],
    [1850461.125, 418547.4935, 534.962],
    [1850460.997, 418548.6205, 534.886],
    [1850460.937, 418549.1485, 534.974],
    [1850460.922, 418549.2775, 536.309],
    [1850460.712, 418551.1265, 536.808],
    [1850460.556, 418552.4935, 537.28],
    [1850460.314, 418554.6185, 537.403],
    [1850459.971, 418557.6285, 537.488],
    [1850459.76, 418559.4765, 538.411],
    [1850459.496, 418561.7955, 539.595],
    [1850459.455, 418562.1575, 539.558],
    [1850459.135, 418564.9675, 539.635],
    [1850458.863, 418567.3585, 539.414],
    [1850458.845, 418567.5165, 539.429],
    [1850458.57, 418569.9255, 539.432],
    [1850458.472, 418570.7905, 539.465],
    [1850458.197, 418573.2015, 539.705],
    [1850458.075, 418574.2705, 539.801],
    [1850457.733, 418577.2735, 540.378],
    [1850457.229, 418581.6975, 540.643],
    [1850456.77, 418585.7255, 541.337],
    [1850456.229, 418590.4745, 541.977],
    [1850455.865, 418593.6735, 542.504],
    [1850455.358, 418598.1265, 543.069],
    [1850455.035, 418600.9635, 543.749],
    [1850454.738, 418603.5715, 544.385],
    [1850454.283, 418607.5665, 545.085],
    [1850453.84, 418611.4505, 545.76],
    [1850453.413, 418615.1995, 546.435],
    [1850452.998, 418618.8405, 547.052],
    [1850452.687, 418621.5755, 547.259],
    [1850452.197, 418625.8745, 547.974],
    [1850451.72, 418630.0605, 548.527],
    [1850451.265, 418634.0555, 549.071],
    [1850450.816, 418638.0025, 549.702],
    [1850450.386, 418641.7765, 550.307],
    [1850449.917, 418645.8865, 550.392],
    [1850449.547, 418649.1365, 550.493],
    [1850449.033, 418653.6485, 550.528],
    [1850448.647, 418657.0385, 550.586],
    [1850448.647, 418657.0385, 550.586],
    [1850447.935, 418663.2895, 550.493],
    [1850447.671, 418665.6055, 550.123],
    [1850447.45, 418667.5465, 549.395],
    [1850447.221, 418669.5545, 549.713],
    [1850446.963, 418671.8215, 549.487],
    [1850446.454, 418676.2945, 549.271],
    [1850446.211, 418678.4245, 549.04],
    [1850445.816, 418681.8965, 549.049],
    [1850445.441, 418685.1875, 548.872],
    [1850445.196, 418687.3395, 548.778],
    [1850444.945, 418689.5425, 548.748],
    [1850444.696, 418691.7245, 548.512],
    [1850444.366, 418694.6205, 548.685],
