# Official Maharashtra WRD ground-survey cross-section (chainage, RL in m MSL).
# Format: [Northing, Easting, RL]
    [1847364.935, 416360.5843, 541.634],
    [1847364.328, 416362.0973, 541.801],
    [1847363.804, 416363.4023, 542.084],
    [1847362.669, 416366.2283, 541.992],
    [1847361.772, 416368.4623, 542.005],
    [1847360.795, 416370.8963, 541.943],
    [1847359.765, 416373.4623, 542.038],
    [1847358.727, 416376.0463, 542.005],
    [1847357.808, 416378.3363, 541.855],
    [1847356.859, 416380.6983, 541.912],
    [1847355.845, 416383.2243, 541.805],
    [1847354.833, 416385.7433, 541.933],
    [1847353.836, 416388.2283, 541.853],
    [1847353.044, 416390.2013, 541.731],
    [1847352.112, 416392.5203, 541.799],
    [1847351.231, 416394.7153, 541.73],
    [1847350.335, 416396.9453, 541.792],
    [1847349.14, 416399.9233, 541.766],
    [1847348.149, 416402.3903, 541.695],
    [1847347.279, 416404.5573, 541.654],
    [1847346.384, 416406.7853, 541.684],
    [1847345.424, 416409.1773, 541.594],
    [1847344.415, 416411.6903, 541.616],
    [1847343.415, 416414.1803, 541.545],
    [1847342.407, 416416.6903, 541.639],
    [1847341.489, 416418.9773, 541.407],
    [1847340.589, 416421.2183, 541.417],
    [1847339.267, 416424.5123, 541.671],
    [1847338.302, 416426.9163, 541.549],
    [1847337.392, 416429.1813, 541.504],
    [1847336.786, 416430.6913, 541.387],
    [1847335.837, 416433.0533, 541.44],
    [1847334.789, 416435.6633, 541.543],
    [1847333.773, 416438.1943, 541.5],
    [1847332.751, 416440.7413, 541.484],
    [1847331.747, 416443.2403, 541.495],
    [1847330.758, 416445.7033, 541.512],
    [1847329.782, 416448.1343, 541.553],
    [1847328.843, 416450.4723, 541.311],
    [1847327.854, 416452.9363, 541.26],
    [1847326.877, 416455.3703, 541.219],
    [1847326.026, 416457.4883, 540.968],
    [1847325.238, 416459.4503, 540.493],
    [1847324.47, 416461.3653, 540.867],
    [1847323.487, 416463.8123, 540.811],
    [1847322.523, 416466.2123, 540.921],
    [1847321.713, 416468.2313, 541.527],
    [1847321.138, 416469.6613, 541.996],
    [1847319.631, 416473.4163, 542.034],
    [1847319.12, 416474.6873, 541.75],
    [1847318.934, 416475.1513, 541.716],
    [1847318.625, 416475.9203, 541.337],
    [1847318.29, 416476.7553, 540.831],
    [1847317.843, 416477.8683, 539.859],
    [1847317.462, 416478.8183, 539.094],
    [1847317.462, 416478.8183, 539.094],
    [1847317.062, 416479.8143, 538.519],
    [1847316.621, 416480.9133, 537.774],
    [1847316.052, 416482.3293, 537.181],
    [1847315.375, 416484.0143, 536.605],
    [1847314.573, 416486.0113, 535.88],
    [1847313.844, 416487.8293, 535.58],
    [1847312.729, 416490.6043, 535.25],
    [1847311.887, 416492.7023, 535.192],
    [1847310.553, 416496.0233, 535.249],
    [1847309.174, 416499.4593, 535.349],
    [1847307.722, 416503.0753, 535.364],
    [1847306.657, 416505.7273, 535.534],
    [1847305.904, 416507.6023, 535.669],
    [1847304.48, 416511.1493, 535.507],
    [1847303.637, 416513.2483, 535.538],
    [1847302.783, 416515.3743, 535.477],
    [1847301.95, 416517.4493, 535.424],
    [1847300.723, 416520.5053, 535.561],
    [1847299.991, 416522.3283, 535.621],
    [1847299.738, 416522.9583, 535.582],
    [1847299.303, 416524.0423, 535.487],
    [1847298.699, 416525.5473, 535.1],
    [1847298.372, 416526.3613, 534.843],
    [1847298.229, 416526.7183, 534.589],
    [1847297.868, 416527.6163, 532.636],
    [1847297.867, 416527.6193, 533.86],
    [1847297.755, 416527.8973, 533.574],
    [1847297.684, 416528.0743, 533.561],
    [1847297.146, 416529.4153, 531.493],
    [1847296.487, 416531.0563, 530.45],
    [1847296.148, 416531.8993, 529.884],
    [1847296.128, 416531.9503, 529.881],
    [1847295.967, 416532.3513, 529.678],
    [1847295.621, 416533.2133, 529.528],
    [1847295.124, 416534.4503, 529.355],
    [1847294.514, 416535.9693, 529.266],
    [1847293.784, 416537.7893, 529.368],
    [1847293.004, 416539.7303, 529.423],
    [1847292.22, 416541.6843, 529.492],
    [1847291.436, 416543.6363, 529.472],
    [1847291.436, 416543.6363, 529.485],
    [1847290.653, 416545.5863, 529.43],
    [1847289.876, 416547.5193, 529.351],
    [1847289.114, 416549.4183, 529.25],
    [1847288.384, 416551.2363, 529.091],
    [1847287.674, 416553.0043, 528.873],
    [1847286.923, 416554.8743, 528.709],
    [1847286.145, 416556.8133, 528.67],
    [1847285.356, 416558.7773, 528.904],
    [1847284.594, 416560.6763, 529.179],
    [1847283.851, 416562.5273, 529.556],
    [1847283.125, 416564.3343, 529.84],
    [1847282.427, 416566.0733, 529.965],
    [1847281.765, 416567.7213, 530.2],
    [1847281.135, 416569.2903, 530.32],
    [1847280.524, 416570.8123, 530.501],
    [1847279.932, 416572.2853, 530.628],
    [1847279.362, 416573.7053, 530.72],
    [1847278.814, 416575.0713, 530.961],
    [1847278.292, 416576.3713, 531.074],
    [1847277.793, 416577.6143, 531.22],
    [1847277.316, 416578.8003, 531.287],
    [1847276.863, 416579.9283, 531.333],
    [1847276.441, 416580.9813, 531.451],
    [1847276.028, 416582.0093, 531.483],
    [1847275.617, 416583.0323, 531.681],
    [1847275.201, 416584.0683, 531.873],
    [1847274.785, 416585.1063, 532.093],
    [1847274.369, 416586.1413, 532.274],
    [1847273.999, 416587.0623, 532.456],
    [1847273.67, 416587.8813, 532.597],
    [1847273.41, 416588.5293, 532.802],
    [1847273.22, 416589.0033, 532.897],
    [1847273.086, 416589.3363, 532.94],
    [1847267.439, 416603.4003, 541.839],
    [1847260.848, 416619.8153, 549.944],
    [1847260.448, 416620.8113, 549.97],
    [1847259.974, 416621.9903, 550.01],
    [1847256.385, 416630.9313, 550.146],
    [1847255.929, 416632.0673, 550.244],
    [1847255.027, 416634.3123, 550.63],
    [1847248.068, 416651.6433, 554.83],
    [1847247.987, 416651.8453, 554.905],
    [1847247.198, 416653.8113, 554.974],
    [1847246.701, 416655.0483, 555.22],
    [1847222.13, 416716.2433, 554.765],
    [1847220.974, 416719.1213, 554.452],
    [1847220.226, 416720.9833, 554.359],
    [1847214.943, 416734.1413, 554.92],
    [1847214.266, 416735.8283, 554.966],
